1699029441.050000000
1699029441.220000000
1699029441.380000000
1699029441.550000000
1699029441.750000000
1699029441.920000000
1699029442.120000000
1699029442.280000000
1699029442.420000000
1699029442.580000000
1699029442.780000000
1699029442.980000000
1699029443.220000000
1699029443.380000000
1699029443.580000000
1699029443.780000000
1699029443.980000000
1699029444.220000000
1699029444.480000000
1699029444.720000000
1699029444.950000000
1699029445.180000000
1699029445.420000000
1699029445.650000000
1699029445.850000000
1699029446.080000000
1699029446.320000000
1699029446.550000000
1699029446.780000000
1699029447.020000000
1699029447.250000000
1699029447.450000000
1699029447.680000000
1699029447.920000000
1699029448.150000000
1699029448.420000000
1699029448.720000000
1699029448.880000000
1699029449.150000000
1699029449.380000000
1699029449.650000000
1699029449.880000000
1699029450.120000000
1699029450.350000000
1699029450.580000000
1699029450.780000000
1699029451.020000000
1699029451.220000000
1699029451.450000000
1699029451.650000000
1699029451.880000000
1699029452.120000000
1699029452.380000000
1699029452.650000000
1699029452.950000000
1699029453.250000000
1699029453.520000000
1699029453.820000000
1699029454.120000000
1699029454.420000000
1699029454.720000000
1699029455.020000000
1699029455.350000000
1699029455.720000000
1699029455.980000000
1699029456.220000000
1699029456.480000000
1699029456.750000000
1699029457.020000000
1699029457.280000000
1699029457.550000000
1699029457.820000000
1699029458.120000000
1699029458.350000000
1699029458.650000000
1699029458.920000000
1699029459.220000000
1699029459.480000000
1699029459.820000000
1699029460.080000000
1699029460.350000000
1699029460.620000000
1699029460.880000000
1699029461.180000000
1699029461.480000000
1699029461.820000000
1699029462.080000000
1699029462.350000000
1699029462.620000000
1699029462.920000000
1699029463.250000000
1699029463.520000000
1699029463.820000000
1699029464.080000000
1699029464.350000000
1699029464.650000000
1699029464.950000000
1699029465.220000000
1699029465.480000000
1699029465.780000000
1699029466.020000000
1699029466.280000000
1699029466.520000000
1699029466.720000000
1699029466.980000000
1699029467.220000000
1699029467.480000000
1699029467.750000000
1699029467.980000000
1699029468.250000000
1699029468.520000000
1699029468.780000000
1699029469.020000000
1699029469.280000000
1699029469.480000000
1699029469.720000000
1699029469.920000000
1699029470.150000000
1699029470.380000000
1699029470.650000000
1699029470.880000000
1699029471.120000000
1699029471.380000000
1699029471.650000000
1699029471.880000000
1699029472.180000000
1699029472.450000000
1699029472.720000000
1699029472.980000000
1699029473.280000000
1699029473.550000000
1699029473.820000000
1699029474.050000000
1699029474.280000000
1699029474.520000000
1699029474.820000000
1699029475.050000000
1699029475.350000000
1699029475.580000000
1699029475.850000000
1699029476.080000000
1699029476.320000000
1699029476.580000000
1699029476.880000000
1699029477.080000000
1699029477.380000000
1699029477.750000000
1699029478.180000000
1699029478.580000000
1699029479.020000000
1699029479.450000000
1699029479.850000000
1699029480.220000000
1699029480.650000000
1699029480.980000000
1699029481.350000000
1699029481.720000000
1699029481.980000000
1699029482.250000000
1699029482.480000000
1699029482.780000000
1699029483.120000000
1699029483.450000000
1699029483.820000000
1699029484.180000000
1699029484.620000000
1699029485.050000000
1699029485.450000000
1699029485.880000000
1699029486.280000000
1699029486.650000000
1699029487.020000000
1699029487.380000000
1699029487.750000000
1699029488.150000000
1699029488.480000000
1699029488.880000000
1699029489.250000000
1699029489.620000000
1699029489.980000000
1699029490.320000000
1699029490.720000000
1699029491.150000000
1699029491.620000000
1699029491.980000000
1699029492.280000000
1699029492.620000000
1699029492.920000000
1699029493.250000000
1699029493.550000000
1699029493.950000000
1699029494.380000000
1699029494.780000000
1699029495.220000000
1699029495.620000000
1699029495.980000000
1699029496.380000000
1699029496.820000000
1699029497.220000000
1699029497.620000000
1699029498.420000000
1699029498.620000000
1699029498.780000000
1699029499.120000000
1699029499.480000000
1699029499.850000000
1699029500.180000000
1699029500.550000000
1699029500.920000000
1699029501.250000000
1699029501.620000000
1699029501.920000000
1699029502.220000000
1699029502.520000000
1699029502.880000000
1699029503.180000000
1699029503.450000000
1699029503.720000000
1699029503.950000000
1699029504.180000000
1699029504.420000000
1699029504.720000000
1699029504.920000000
1699029505.150000000
1699029505.380000000
1699029505.620000000
1699029505.850000000
1699029506.080000000
1699029506.320000000
1699029506.550000000
1699029506.820000000
1699029507.120000000
1699029507.320000000
1699029507.550000000
1699029507.820000000
1699029508.050000000
1699029508.250000000
1699029508.520000000
1699029508.680000000
1699029508.880000000
1699029509.120000000
1699029509.350000000
1699029509.620000000
1699029509.850000000
1699029510.050000000
1699029510.320000000
1699029510.550000000
1699029510.750000000
1699029510.920000000
1699029511.120000000
1699029511.320000000
1699029511.520000000
1699029511.720000000
1699029511.980000000
1699029512.120000000
1699029512.350000000
1699029512.550000000
1699029512.780000000
1699029513.020000000
1699029513.320000000
1699029513.650000000
1699029514.050000000
1699029514.550000000
1699029515.080000000
1699029515.550000000
1699029515.880000000
1699029516.180000000
1699029516.480000000
1699029517.080000000
1699029517.380000000
1699029517.680000000
1699029517.920000000
1699029518.220000000
1699029518.550000000
1699029518.820000000
1699029519.120000000
1699029519.420000000
1699029519.720000000
1699029519.980000000
1699029520.320000000
1699029520.620000000
1699029520.920000000
1699029521.280000000
1699029521.550000000
1699029521.920000000
1699029522.250000000
1699029522.550000000
1699029522.820000000
1699029523.120000000
1699029523.480000000
1699029523.780000000
1699029524.050000000
1699029524.320000000
1699029524.580000000
1699029524.850000000
1699029525.180000000
1699029525.480000000
1699029525.780000000
1699029526.150000000
1699029526.480000000
1699029526.780000000
1699029527.080000000
1699029527.380000000
1699029527.680000000
1699029527.880000000
1699029528.120000000
1699029528.350000000
1699029528.580000000
1699029528.820000000
1699029529.050000000
1699029529.280000000
1699029529.520000000
1699029529.750000000
1699029530.050000000
1699029530.350000000
1699029530.720000000
1699029530.980000000
1699029531.280000000
1699029531.580000000
1699029531.950000000
1699029532.320000000
1699029532.680000000
1699029533.080000000
1699029533.480000000
1699029533.850000000
1699029534.180000000
1699029534.480000000
1699029534.780000000
1699029535.120000000
1699029535.150000000
1699029535.450000000
1699029535.550000000
1699029535.720000000
1699029535.850000000
1699029535.980000000
1699029537.180000000
1699029537.420000000
1699029537.620000000
1699029537.820000000
1699029538.050000000
1699029538.250000000
1699029538.450000000
1699029538.680000000
1699029538.920000000
1699029539.150000000
1699029539.380000000
1699029539.550000000
1699029539.780000000
1699029539.980000000
1699029540.220000000
1699029540.450000000
1699029540.720000000
1699029540.950000000
1699029541.180000000
1699029541.380000000
1699029541.580000000
1699029541.780000000
1699029542.020000000
1699029542.220000000
1699029542.450000000
1699029542.720000000
1699029542.950000000
1699029543.150000000
1699029543.380000000
1699029543.580000000
1699029543.780000000
1699029543.980000000
1699029544.180000000
1699029544.380000000
1699029544.580000000
1699029544.780000000
1699029544.920000000
1699029545.080000000
1699029545.250000000
1699029545.450000000
1699029545.620000000
1699029545.780000000
1699029545.980000000
1699029546.150000000
1699029546.350000000
1699029546.550000000
1699029546.720000000
1699029546.920000000
1699029547.080000000
1699029547.250000000
1699029547.420000000
1699029547.580000000
1699029547.780000000
1699029547.980000000
1699029548.220000000
1699029548.450000000
1699029548.650000000
1699029548.850000000
1699029549.050000000
1699029549.250000000
1699029549.420000000
1699029549.620000000
1699029549.820000000
1699029549.980000000
1699029550.220000000
1699029550.450000000
1699029550.720000000
1699029550.950000000
1699029551.220000000
1699029551.450000000
1699029551.720000000
1699029552.050000000
1699029552.350000000
1699029552.620000000
1699029552.880000000
1699029553.120000000
1699029553.350000000
1699029553.580000000
1699029553.880000000
1699029554.080000000
1699029554.350000000
1699029554.620000000
1699029554.850000000
1699029555.080000000
1699029555.320000000
1699029555.520000000
1699029555.750000000
1699029555.950000000
1699029556.180000000
1699029556.450000000
1699029556.680000000
1699029556.920000000
1699029557.220000000
1699029557.520000000
1699029557.820000000
1699029558.120000000
1699029558.480000000
1699029558.780000000
1699029559.080000000
1699029559.350000000
1699029559.620000000
1699029559.920000000
1699029560.180000000
1699029560.480000000
1699029560.750000000
1699029561.020000000
1699029561.350000000
1699029561.550000000
1699029561.850000000
1699029562.120000000
1699029562.380000000
1699029562.720000000
1699029563.050000000
1699029563.380000000
1699029563.680000000
1699029563.980000000
1699029564.250000000
1699029564.480000000
1699029564.720000000
1699029564.950000000
1699029565.220000000
1699029565.520000000
1699029565.780000000
1699029566.050000000
1699029566.280000000
1699029566.550000000
1699029566.850000000
1699029567.150000000
1699029567.520000000
1699029567.980000000
1699029568.450000000
1699029568.950000000
1699029569.480000000
1699029570.250000000
1699029570.580000000
1699029570.950000000
1699029571.320000000
1699029571.720000000
1699029572.150000000
1699029572.550000000
1699029572.950000000
1699029573.350000000
1699029573.750000000
1699029574.120000000
1699029574.420000000
1699029574.720000000
1699029575.020000000
1699029575.350000000
1699029575.650000000
1699029576.050000000
1699029576.550000000
1699029577.020000000
1699029577.520000000
1699029578.020000000
1699029578.520000000
1699029579.550000000
1699029579.620000000
1699029580.020000000
1699029580.450000000
1699029580.880000000
1699029581.320000000
1699029581.750000000
1699029582.150000000
1699029582.550000000
1699029582.920000000
1699029583.320000000
1699029583.720000000
1699029584.150000000
1699029584.620000000
1699029585.050000000
1699029585.520000000
1699029586.020000000
1699029586.450000000
1699029587.150000000
1699029587.450000000
1699029587.750000000
1699029588.120000000
1699029588.450000000
1699029588.750000000
1699029589.050000000
1699029589.320000000
1699029589.580000000
1699029589.820000000
1699029590.080000000
1699029590.320000000
1699029590.550000000
1699029590.850000000
1699029591.080000000
1699029591.350000000
1699029591.580000000
1699029591.820000000
1699029592.050000000
1699029592.280000000
1699029592.480000000
1699029592.680000000
1699029592.920000000
1699029593.180000000
1699029593.420000000
1699029593.650000000
1699029593.880000000
1699029594.050000000
1699029594.280000000
1699029594.480000000
1699029594.720000000
1699029594.950000000
1699029595.180000000
1699029595.420000000
1699029595.680000000
1699029595.920000000
1699029596.250000000
1699029596.380000000
1699029596.650000000
1699029596.880000000
1699029597.120000000
1699029597.350000000
1699029597.580000000
1699029597.820000000
1699029598.050000000
1699029598.250000000
1699029598.480000000
1699029598.750000000
1699029599.020000000
1699029599.350000000
1699029599.550000000
1699029599.820000000
1699029600.080000000
1699029600.350000000
1699029600.750000000
1699029600.920000000
1699029601.250000000
1699029601.520000000
1699029601.820000000
1699029602.150000000
1699029602.480000000
1699029602.850000000
1699029603.180000000
1699029603.550000000
1699029603.980000000
1699029604.350000000
1699029604.850000000
1699029605.250000000
1699029605.720000000
1699029606.220000000
1699029606.620000000
1699029607.050000000
1699029607.480000000
1699029608.150000000
1699029608.750000000
1699029609.380000000
1699029609.980000000
1699029610.480000000
1699029610.950000000
1699029611.450000000
1699029611.980000000
1699029612.480000000
1699029612.920000000
1699029613.420000000
1699029614.180000000
1699029614.620000000
1699029615.180000000
1699029615.720000000
1699029616.220000000
1699029616.780000000
1699029617.320000000
1699029617.780000000
1699029618.180000000
1699029618.550000000
1699029618.880000000
1699029619.320000000
1699029619.780000000
1699029620.150000000
1699029620.580000000
1699029620.950000000
1699029621.380000000
1699029621.780000000
1699029622.150000000
1699029622.520000000
1699029622.850000000
1699029623.150000000
1699029623.450000000
1699029623.680000000
1699029623.950000000
1699029624.220000000
1699029624.520000000
1699029624.820000000
1699029625.180000000
1699029625.380000000
1699029625.680000000
1699029626.020000000
1699029626.320000000
1699029626.620000000
1699029626.950000000
1699029627.280000000
1699029627.580000000
1699029627.820000000
1699029628.080000000
1699029628.320000000
1699029628.580000000
1699029628.850000000
1699029629.180000000
1699029629.480000000
1699029629.720000000
1699029630.020000000
1699029630.350000000
1699029630.650000000
1699029630.980000000
1699029631.250000000
1699029631.520000000
1699029631.780000000
1699029632.050000000
1699029632.350000000
1699029632.620000000
1699029632.980000000
1699029633.250000000
1699029633.580000000
1699029633.920000000
1699029634.280000000
1699029634.620000000
1699029634.950000000
1699029635.280000000
1699029635.650000000
1699029636.050000000
1699029636.580000000
1699029637.120000000
1699029637.620000000
1699029638.250000000
1699029638.680000000
1699029639.220000000
1699029639.580000000
1699029639.920000000
1699029640.350000000
1699029640.780000000
1699029641.180000000
1699029641.650000000
1699029642.020000000
1699029642.350000000
1699029642.720000000
1699029643.120000000
1699029643.480000000
1699029643.920000000
1699029644.320000000
1699029644.880000000
1699029645.150000000
1699029645.550000000
1699029645.920000000
1699029646.280000000
1699029646.550000000
1699029646.850000000
1699029647.120000000
1699029647.420000000
1699029647.750000000
1699029648.050000000
1699029648.350000000
1699029648.750000000
1699029649.120000000
1699029649.520000000
1699029649.920000000
1699029650.350000000
1699029650.820000000
1699029651.320000000
1699029651.750000000
1699029652.220000000
1699029652.720000000
1699029653.180000000
1699029653.620000000
1699029654.080000000
1699029654.650000000
1699029654.920000000
1699029655.380000000
1699029655.820000000
1699029656.280000000
1699029656.680000000
1699029657.080000000
1699029657.450000000
1699029657.820000000
1699029658.180000000
1699029658.550000000
1699029658.850000000
1699029659.150000000
1699029659.450000000
1699029659.780000000
1699029660.080000000
1699029660.480000000
1699029660.820000000
1699029661.220000000
1699029661.580000000
1699029662.180000000
1699029662.550000000
1699029662.780000000
1699029663.220000000
1699029663.520000000
1699029664.280000000
1699029664.680000000
1699029665.050000000
1699029665.420000000
1699029665.780000000
1699029666.050000000
1699029666.320000000
1699029666.720000000
1699029666.880000000
1699029667.220000000
1699029667.520000000
1699029667.920000000
1699029668.120000000
1699029668.450000000
1699029668.750000000
1699029669.120000000
1699029669.480000000
1699029669.820000000
1699029670.150000000
1699029670.580000000
1699029670.820000000
1699029671.120000000
1699029671.450000000
1699029671.780000000
1699029672.120000000
1699029672.450000000
1699029672.780000000
1699029673.250000000
1699029673.450000000
1699029673.780000000
1699029674.080000000
1699029674.420000000
1699029674.720000000
1699029674.950000000
1699029675.220000000
1699029675.450000000
1699029675.750000000
1699029675.920000000
1699029676.180000000
1699029676.420000000
1699029676.650000000
1699029676.920000000
1699029677.180000000
1699029677.480000000
1699029677.850000000
1699029678.180000000
1699029678.580000000
1699029678.980000000
1699029679.380000000
1699029679.720000000
1699029680.080000000
1699029680.450000000
1699029681.350000000
1699029681.650000000
1699029682.020000000
1699029682.420000000
1699029683.220000000
1699029683.580000000
1699029683.880000000
1699029684.180000000
1699029684.450000000
1699029684.680000000
1699029684.950000000
1699029685.220000000
1699029685.480000000
1699029685.750000000
1699029685.980000000
1699029686.250000000
1699029686.520000000
1699029686.780000000
1699029687.020000000
1699029687.280000000
1699029687.550000000
1699029687.820000000
1699029688.050000000
1699029688.350000000
1699029688.520000000
1699029688.750000000
1699029688.950000000
1699029689.150000000
1699029689.350000000
1699029689.550000000
1699029689.750000000
1699029689.980000000
1699029690.180000000
1699029690.420000000
1699029690.620000000
1699029690.850000000
1699029691.050000000
1699029691.250000000
1699029691.450000000
1699029691.650000000
1699029691.850000000
1699029692.050000000
1699029692.220000000
1699029692.420000000
1699029692.580000000
1699029692.750000000
1699029692.880000000
1699029693.080000000
1699029693.250000000
1699029693.450000000
1699029693.650000000
1699029693.850000000
1699029694.020000000
1699029694.220000000
1699029694.380000000
1699029694.520000000
1699029694.680000000
1699029694.850000000
1699029695.020000000
1699029695.180000000
1699029695.420000000
1699029695.550000000
1699029695.750000000
1699029695.980000000
1699029696.180000000
1699029696.350000000
1699029696.550000000
1699029696.850000000
1699029696.980000000
1699029697.220000000
1699029697.450000000
1699029697.680000000
1699029697.920000000
1699029698.220000000
1699029698.480000000
1699029698.780000000
1699029699.050000000
1699029699.320000000
1699029699.620000000
1699029699.920000000
1699029700.280000000
1699029700.650000000
1699029701.020000000
1699029701.380000000
1699029701.750000000
1699029702.080000000
1699029702.380000000
1699029702.680000000
1699029702.950000000
1699029703.180000000
1699029703.420000000
1699029703.650000000
1699029703.920000000
1699029704.150000000
1699029704.420000000
1699029704.650000000
1699029704.880000000
1699029705.120000000
1699029705.420000000
1699029705.620000000
1699029705.880000000
1699029706.150000000
1699029706.550000000
1699029706.780000000
1699029707.120000000
1699029707.450000000
1699029708.220000000
1699029708.550000000
1699029708.880000000
1699029709.250000000
1699029709.580000000
1699029709.950000000
1699029710.380000000
1699029710.780000000
1699029711.120000000
1699029711.480000000
1699029711.820000000
1699029712.180000000
1699029712.580000000
1699029712.950000000
1699029713.350000000
1699029713.750000000
1699029714.050000000
1699029714.450000000
1699029715.220000000
1699029715.580000000
1699029715.920000000
1699029716.250000000
1699029716.620000000
1699029716.980000000
1699029717.320000000
1699029717.580000000
1699029717.880000000
1699029718.150000000
1699029718.420000000
1699029718.780000000
1699029718.950000000
1699029719.220000000
1699029719.480000000
1699029719.720000000
1699029719.950000000
1699029720.220000000
1699029720.450000000
1699029720.720000000
1699029721.020000000
1699029721.280000000
1699029721.550000000
1699029721.850000000
1699029722.180000000
1699029722.620000000
1699029723.020000000
1699029723.420000000
1699029723.780000000
1699029724.120000000
1699029724.480000000
1699029724.850000000
1699029725.250000000
1699029725.550000000
1699029725.950000000
1699029726.280000000
1699029726.580000000
1699029726.880000000
1699029727.150000000
1699029727.380000000
1699029727.650000000
1699029727.880000000
1699029728.050000000
1699029728.250000000
1699029728.450000000
1699029728.620000000
1699029728.820000000
1699029728.980000000
1699029729.180000000
1699029729.350000000
1699029729.550000000
1699029729.750000000
1699029729.950000000
1699029730.150000000
1699029730.350000000
1699029730.520000000
1699029730.820000000
1699029730.980000000
1699029731.250000000
1699029731.550000000
1699029731.880000000
1699029732.280000000
1699029732.550000000
1699029732.920000000
1699029733.250000000
1699029733.620000000
1699029734.020000000
1699029734.380000000
1699029734.820000000
1699029735.220000000
1699029735.620000000
1699029736.020000000
1699029736.380000000
1699029736.780000000
1699029737.150000000
1699029737.480000000
1699029737.850000000
1699029738.320000000
1699029738.550000000
1699029738.920000000
1699029739.280000000
1699029739.650000000
1699029739.980000000
1699029740.380000000
1699029740.850000000
1699029741.380000000
1699029741.820000000
1699029742.420000000
1699029742.950000000
1699029743.480000000
1699029743.980000000
1699029744.550000000
1699029745.150000000
1699029745.680000000
1699029746.080000000
1699029746.480000000
1699029746.820000000
1699029747.250000000
1699029747.620000000
1699029747.980000000
1699029748.380000000
1699029748.650000000
1699029749.020000000
1699029749.450000000
1699029749.880000000
1699029750.320000000
1699029750.680000000
1699029751.080000000
1699029751.450000000
1699029751.850000000
1699029752.250000000
1699029752.620000000
1699029753.020000000
1699029753.480000000
1699029753.920000000
1699029754.350000000
1699029754.750000000
1699029755.120000000
1699029755.480000000
1699029755.850000000
1699029756.350000000
1699029756.650000000
1699029757.080000000
1699029757.520000000
1699029757.920000000
1699029758.280000000
1699029758.780000000
1699029759.150000000
1699029759.580000000
1699029760.050000000
1699029760.490000000
1699029760.950000000
1699029761.420000000
1699029761.890000000
1699029762.250000000
1699029762.650000000
1699029762.990000000
1699029763.290000000
1699029763.620000000
1699029763.890000000
1699029764.150000000
1699029764.490000000
1699029764.720000000
1699029764.990000000
1699029765.250000000
1699029765.520000000
1699029765.750000000
1699029766.020000000
1699029766.220000000
1699029766.490000000
1699029766.750000000
1699029766.990000000
1699029767.250000000
1699029767.520000000
1699029767.820000000
1699029768.050000000
1699029768.320000000
1699029768.620000000
1699029768.890000000
1699029769.290000000
1699029769.450000000
1699029769.750000000
1699029770.020000000
1699029770.320000000
1699029770.620000000
1699029770.920000000
1699029771.290000000
1699029771.790000000
1699029772.290000000
1699029772.720000000
1699029773.250000000
1699029773.520000000
1699029773.890000000
1699029774.250000000
1699029774.590000000
1699029774.920000000
1699029775.190000000
1699029775.220000000
1699029775.450000000
1699029775.720000000
1699029775.950000000
1699029775.990000000
1699029776.720000000
1699029777.250000000
1699029777.490000000
1699029777.720000000
1699029777.950000000
1699029778.190000000
1699029778.390000000
1699029778.590000000
1699029778.790000000
1699029778.990000000
1699029779.190000000
1699029779.350000000
1699029779.590000000
1699029779.790000000
1699029780.020000000
1699029780.290000000
1699029780.490000000
1699029780.750000000
1699029781.020000000
1699029781.290000000
1699029781.590000000
1699029781.890000000
1699029782.190000000
1699029782.420000000
1699029782.690000000
1699029782.920000000
1699029783.190000000
1699029783.420000000
1699029783.620000000
1699029783.820000000
1699029784.020000000
1699029784.250000000
1699029784.520000000
1699029784.790000000
1699029784.990000000
1699029785.320000000
1699029785.450000000
1699029785.520000000
1699029785.720000000
1699029785.990000000
1699029786.250000000
1699029786.750000000
1699029787.220000000
1699029787.420000000
1699029787.590000000
1699029787.750000000
1699029787.950000000
1699029788.150000000
1699029788.420000000
1699029788.550000000
1699029788.790000000
1699029788.990000000
1699029789.290000000
1699029789.450000000
1699029789.690000000
1699029789.920000000
1699029790.190000000
1699029790.420000000
1699029790.750000000
1699029790.920000000
1699029791.190000000
1699029791.450000000
1699029791.690000000
1699029791.950000000
1699029792.190000000
1699029792.420000000
1699029792.620000000
1699029792.850000000
1699029793.050000000
1699029793.290000000
1699029793.490000000
1699029793.720000000
1699029793.950000000
1699029794.150000000
1699029794.390000000
1699029794.620000000
1699029794.820000000
1699029795.050000000
1699029795.320000000
1699029795.550000000
1699029795.820000000
1699029796.050000000
1699029796.290000000
1699029796.520000000
1699029796.790000000
1699029797.020000000
1699029797.290000000
1699029797.520000000
1699029797.790000000
1699029798.050000000
1699029798.320000000
1699029798.590000000
1699029798.890000000
1699029799.120000000
1699029799.420000000
1699029799.720000000
1699029800.020000000
1699029800.290000000
1699029800.520000000
1699029800.750000000
1699029800.990000000
1699029801.290000000
1699029801.520000000
1699029801.820000000
1699029802.050000000
1699029802.320000000
1699029802.590000000
1699029802.850000000
1699029803.190000000
1699029803.490000000
1699029803.850000000
1699029804.220000000
1699029804.550000000
1699029804.850000000
1699029805.120000000
1699029805.390000000
